Trade Time,Volume,Price
10/26/2017 9:30:00 AM,37977,980.00
10/26/2017 9:30:00 AM,38629,981.50
10/26/2017 9:30:00 AM,40736,982.83
10/26/2017 9:30:00 AM,43669,983.14
10/26/2017 9:31:00 AM,45675,983.00
10/26/2017 9:31:00 AM,48222,981.3984
10/26/2017 9:31:00 AM,49616,981.335
10/26/2017 9:32:00 AM,50006,981.70
10/26/2017 9:32:00 AM,51858,982.00
10/26/2017 9:32:00 AM,54523,981.7301
10/26/2017 9:32:00 AM,56977,983.40
10/26/2017 9:33:00 AM,64592,982.93
10/26/2017 9:33:00 AM,72560,984.11
10/26/2017 9:33:00 AM,75740,984.13
10/26/2017 9:33:00 AM,81775,984.68
10/26/2017 9:34:00 AM,88345,985.75
10/26/2017 9:34:00 AM,92282,985.83
10/26/2017 9:34:00 AM,94824,985.175
10/26/2017 9:34:00 AM,96923,985.80
10/26/2017 9:35:00 AM,101643,986.09
10/26/2017 9:35:00 AM,108647,987.60
10/26/2017 9:35:00 AM,111375,986.88
10/26/2017 9:35:00 AM,112057,986.13
10/26/2017 9:35:00 AM,112205,987.112
10/26/2017 9:36:00 AM,114253,986.64
10/26/2017 9:36:00 AM,118893,986.97
10/26/2017 9:36:00 AM,120026,986.51
10/26/2017 9:36:00 AM,120412,987.055
10/26/2017 9:37:00 AM,121379,986.7703
10/26/2017 9:37:00 AM,121771,986.56
10/26/2017 9:37:00 AM,130426,986.28
10/26/2017 9:38:00 AM,133273,986.09
10/26/2017 9:38:00 AM,137176,985.7653
10/26/2017 9:38:00 AM,138011,984.91
10/26/2017 9:38:00 AM,138971,984.73
10/26/2017 9:39:00 AM,147824,984.43
10/26/2017 9:39:00 AM,152985,984.87
10/26/2017 9:39:00 AM,153847,984.285
10/26/2017 9:39:00 AM,154121,984.56
10/26/2017 9:40:00 AM,155573,984.77
10/26/2017 9:40:00 AM,158017,984.05
10/26/2017 9:40:00 AM,159735,984.09
10/26/2017 9:40:00 AM,161066,983.63
10/26/2017 9:41:00 AM,162376,984.43
10/26/2017 9:41:00 AM,163176,984.2191
10/26/2017 9:41:00 AM,166235,984.42
10/26/2017 9:41:00 AM,166717,984.03
10/26/2017 9:42:00 AM,167986,982.81
10/26/2017 9:42:00 AM,169198,983.44
10/26/2017 9:42:00 AM,169323,983.44
10/26/2017 9:42:00 AM,169394,983.44
10/26/2017 9:43:00 AM,169906,982.94
10/26/2017 9:43:00 AM,172184,983.23
10/26/2017 9:43:00 AM,173061,982.67
10/26/2017 9:43:00 AM,174943,981.3147
10/26/2017 9:44:00 AM,178119,981.14
10/26/2017 9:44:00 AM,180624,981.64
10/26/2017 9:44:00 AM,181760,980.96
10/26/2017 9:44:00 AM,184886,982.44
10/26/2017 9:45:00 AM,187569,981.8373
10/26/2017 9:45:00 AM,187829,981.6255
10/26/2017 9:45:00 AM,189396,981.11
10/26/2017 9:45:00 AM,190228,980.41
10/26/2017 9:46:00 AM,192163,980.00
10/26/2017 9:46:00 AM,193953,979.6598
10/26/2017 9:46:00 AM,195212,980.03
10/26/2017 9:46:00 AM,195640,980.38
10/26/2017 9:47:00 AM,196928,981.05
10/26/2017 9:47:00 AM,197621,980.11
10/26/2017 9:47:00 AM,198524,981.56
10/26/2017 9:47:00 AM,199931,980.9009
10/26/2017 9:48:00 AM,200519,981.645
10/26/2017 9:48:00 AM,200524,981.645
10/26/2017 9:48:00 AM,200568,981.645
10/26/2017 9:49:00 AM,200795,981.515
10/26/2017 9:49:00 AM,200873,981.515
10/26/2017 9:49:00 AM,202011,982.34
10/26/2017 9:49:00 AM,202349,982.34
10/26/2017 9:49:00 AM,202975,982.1106
10/26/2017 9:50:00 AM,203753,981.77
10/26/2017 9:50:00 AM,204403,981.95
10/26/2017 9:50:00 AM,204587,981.90
10/26/2017 9:51:00 AM,205217,981.4887
10/26/2017 9:51:00 AM,206702,982.29
10/26/2017 9:51:00 AM,207203,981.84
10/26/2017 9:51:00 AM,207722,982.05
10/26/2017 9:52:00 AM,208210,981.92
10/26/2017 9:52:00 AM,208304,981.92
10/26/2017 9:52:00 AM,208724,981.845
10/26/2017 9:52:00 AM,208882,981.86
10/26/2017 9:53:00 AM,209702,981.875
10/26/2017 9:53:00 AM,210598,982.07
10/26/2017 9:53:00 AM,211650,982.35
10/26/2017 9:53:00 AM,213581,982.82
10/26/2017 9:54:00 AM,215408,982.93
10/26/2017 9:54:00 AM,215687,983.33
10/26/2017 9:54:00 AM,217079,982.46
10/26/2017 9:54:00 AM,217546,983.17
10/26/2017 9:55:00 AM,218399,983.26
10/26/2017 9:55:00 AM,222954,982.25
10/26/2017 9:55:00 AM,223348,982.02
10/26/2017 9:55:00 AM,223571,981.59
10/26/2017 9:56:00 AM,223867,981.80
10/26/2017 9:56:00 AM,225842,982.23
10/26/2017 9:56:00 AM,225926,982.23
10/26/2017 9:56:00 AM,226079,982.1055
10/26/2017 9:57:00 AM,228749,981.37
10/26/2017 9:57:00 AM,229236,981.44
10/26/2017 9:57:00 AM,232039,981.64
10/26/2017 9:57:00 AM,232240,981.965
10/26/2017 9:57:00 AM,232272,981.965
10/26/2017 9:58:00 AM,233590,981.62
10/26/2017 9:58:00 AM,234348,981.675
10/26/2017 9:58:00 AM,235106,980.86
10/26/2017 9:59:00 AM,236522,980.57
10/26/2017 9:59:00 AM,238817,980.39
10/26/2017 9:59:00 AM,240542,980.43
10/26/2017 10:00:00 AM,243056,979.8471
10/26/2017 10:00:00 AM,244180,979.44
10/26/2017 10:00:00 AM,244353,979.44
10/26/2017 10:00:00 AM,244505,979.59
10/26/2017 10:01:00 AM,244780,979.70
10/26/2017 10:01:00 AM,245512,979.11
10/26/2017 10:01:00 AM,246007,979.25
10/26/2017 10:01:00 AM,248716,978.7734
10/26/2017 10:01:00 AM,251088,978.92
10/26/2017 10:02:00 AM,251578,979.17
10/26/2017 10:02:00 AM,252274,979.1428
10/26/2017 10:02:00 AM,252577,979.1551
10/26/2017 10:02:00 AM,253014,978.76
10/26/2017 10:02:00 AM,253403,978.76
10/26/2017 10:03:00 AM,254628,979.43
10/26/2017 10:03:00 AM,255316,979.41
10/26/2017 10:03:00 AM,255914,979.30
10/26/2017 10:04:00 AM,256467,979.6336
10/26/2017 10:04:00 AM,257461,979.345
10/26/2017 10:04:00 AM,258596,979.335
10/26/2017 10:05:00 AM,259315,979.595
10/26/2017 10:05:00 AM,260743,979.13
10/26/2017 10:05:00 AM,261290,979.145
10/26/2017 10:05:00 AM,261956,979.185
10/26/2017 10:06:00 AM,262937,979.55
10/26/2017 10:06:00 AM,263947,979.49
10/26/2017 10:06:00 AM,265810,978.98
10/26/2017 10:06:00 AM,266029,978.97
10/26/2017 10:07:00 AM,266440,979.01
10/26/2017 10:07:00 AM,270182,979.22
10/26/2017 10:07:00 AM,272914,978.18
10/26/2017 10:07:00 AM,274567,978.895
10/26/2017 10:08:00 AM,274888,978.595
10/26/2017 10:08:00 AM,275251,978.52
10/26/2017 10:08:00 AM,277800,978.46
10/26/2017 10:08:00 AM,278592,978.23
10/26/2017 10:09:00 AM,279449,977.925
10/26/2017 10:09:00 AM,280389,978.00
10/26/2017 10:09:00 AM,282420,977.38
10/26/2017 10:09:00 AM,284404,977.33
10/26/2017 10:10:00 AM,285350,977.105
10/26/2017 10:10:00 AM,285641,977.105
10/26/2017 10:10:00 AM,287610,977.063
10/26/2017 10:10:00 AM,288416,977.19
10/26/2017 10:11:00 AM,291437,977.3154
10/26/2017 10:11:00 AM,292580,978.265
10/26/2017 10:11:00 AM,292856,978.64
10/26/2017 10:11:00 AM,293340,978.39
10/26/2017 10:12:00 AM,293558,978.365
10/26/2017 10:12:00 AM,294181,978.43
10/26/2017 10:12:00 AM,295676,978.4978
10/26/2017 10:12:00 AM,297196,977.86
10/26/2017 10:13:00 AM,306528,978.05
10/26/2017 10:13:00 AM,315602,977.7792
10/26/2017 10:13:00 AM,316217,977.53
10/26/2017 10:13:00 AM,317996,977.26
10/26/2017 10:14:00 AM,319715,977.41
10/26/2017 10:14:00 AM,320556,977.00
10/26/2017 10:14:00 AM,320893,976.63
10/26/2017 10:14:00 AM,323936,976.84
10/26/2017 10:15:00 AM,325274,977.245
10/26/2017 10:15:00 AM,326255,977.22
10/26/2017 10:15:00 AM,327491,977.29
10/26/2017 10:16:00 AM,328261,977.50
10/26/2017 10:16:00 AM,330053,977.45
10/26/2017 10:16:00 AM,330124,977.45
10/26/2017 10:16:00 AM,331461,976.77
10/26/2017 10:16:00 AM,333556,977.21
10/26/2017 10:17:00 AM,334692,976.84
10/26/2017 10:17:00 AM,336497,976.91
10/26/2017 10:18:00 AM,337795,976.50
10/26/2017 10:18:00 AM,339847,976.93
10/26/2017 10:18:00 AM,340159,977.06
10/26/2017 10:18:00 AM,341177,976.76
10/26/2017 10:19:00 AM,343060,976.835
10/26/2017 10:19:00 AM,344427,976.39
10/26/2017 10:19:00 AM,345326,976.47
10/26/2017 10:19:00 AM,345486,976.16
10/26/2017 10:20:00 AM,346441,976.63
10/26/2017 10:20:00 AM,346449,976.63
10/26/2017 10:20:00 AM,348368,976.675
10/26/2017 10:20:00 AM,349037,976.6228
10/26/2017 10:21:00 AM,349474,976.82
10/26/2017 10:21:00 AM,350651,976.41
10/26/2017 10:21:00 AM,350746,976.41
10/26/2017 10:21:00 AM,351106,976.15
10/26/2017 10:22:00 AM,351367,976.05
10/26/2017 10:22:00 AM,351487,976.10
10/26/2017 10:22:00 AM,352304,976.52
10/26/2017 10:22:00 AM,353195,976.88
10/26/2017 10:22:00 AM,353222,976.88
10/26/2017 10:22:00 AM,353243,976.88
10/26/2017 10:23:00 AM,353690,976.56
10/26/2017 10:24:00 AM,354540,976.75
10/26/2017 10:24:00 AM,355481,976.7266
10/26/2017 10:24:00 AM,355801,976.79
10/26/2017 10:24:00 AM,356694,977.05
10/26/2017 10:25:00 AM,358453,977.02
10/26/2017 10:25:00 AM,358614,977.43
10/26/2017 10:25:00 AM,362489,977.98
10/26/2017 10:25:00 AM,363447,978.25
10/26/2017 10:25:00 AM,364491,978.1217
10/26/2017 10:26:00 AM,365625,978.445
10/26/2017 10:26:00 AM,365784,978.59
10/26/2017 10:26:00 AM,366140,978.635
10/26/2017 10:27:00 AM,367031,978.78
10/26/2017 10:27:00 AM,370026,978.29
10/26/2017 10:27:00 AM,370034,978.29
10/26/2017 10:27:00 AM,370073,978.29
10/26/2017 10:28:00 AM,371139,978.79
10/26/2017 10:28:00 AM,371788,978.98
10/26/2017 10:28:00 AM,373229,979.55
10/26/2017 10:28:00 AM,374243,979.29
10/26/2017 10:28:00 AM,374451,979.29
10/26/2017 10:28:00 AM,374482,979.29
10/26/2017 10:29:00 AM,374642,978.9496
10/26/2017 10:29:00 AM,374645,978.9496
10/26/2017 10:29:00 AM,374659,978.9496
10/26/2017 10:29:00 AM,374675,978.9496
10/26/2017 10:30:00 AM,377988,978.33
10/26/2017 10:30:00 AM,379046,978.51
10/26/2017 10:30:00 AM,379470,978.51
10/26/2017 10:31:00 AM,379910,978.22
10/26/2017 10:31:00 AM,381624,978.34
10/26/2017 10:31:00 AM,382222,978.76
10/26/2017 10:32:00 AM,383188,978.84
10/26/2017 10:32:00 AM,383558,978.75
10/26/2017 10:32:00 AM,384140,979.04
10/26/2017 10:32:00 AM,384559,978.89
10/26/2017 10:33:00 AM,385259,979.24
10/26/2017 10:33:00 AM,385489,979.13
10/26/2017 10:33:00 AM,385855,979.21
10/26/2017 10:33:00 AM,386276,979.225
10/26/2017 10:34:00 AM,386538,979.55
10/26/2017 10:34:00 AM,387022,979.53
10/26/2017 10:34:00 AM,387835,979.215
10/26/2017 10:34:00 AM,388970,979.065
10/26/2017 10:35:00 AM,389234,979.36
10/26/2017 10:35:00 AM,389493,979.44
10/26/2017 10:35:00 AM,390967,979.50
10/26/2017 10:35:00 AM,392773,980.205
10/26/2017 10:35:00 AM,392980,980.205
10/26/2017 10:35:00 AM,393005,980.205
10/26/2017 10:36:00 AM,393144,980.281
10/26/2017 10:37:00 AM,394780,980.78
10/26/2017 10:37:00 AM,395343,980.9482
10/26/2017 10:37:00 AM,396152,981.00
10/26/2017 10:37:00 AM,396256,981.00
10/26/2017 10:37:00 AM,396268,981.00
10/26/2017 10:38:00 AM,397018,980.39
10/26/2017 10:38:00 AM,397319,980.65
10/26/2017 10:38:00 AM,397559,980.8268
10/26/2017 10:38:00 AM,399200,980.4593
10/26/2017 10:39:00 AM,399804,980.09
10/26/2017 10:39:00 AM,400547,980.68
10/26/2017 10:39:00 AM,400981,980.53
10/26/2017 10:40:00 AM,401927,981.01
10/26/2017 10:40:00 AM,403630,980.525
10/26/2017 10:40:00 AM,403833,980.38
10/26/2017 10:40:00 AM,404257,980.475
10/26/2017 10:40:00 AM,404295,980.475
10/26/2017 10:41:00 AM,405756,979.53
10/26/2017 10:41:00 AM,406630,980.37
10/26/2017 10:41:00 AM,407853,980.37
10/26/2017 10:42:00 AM,409566,979.845
10/26/2017 10:42:00 AM,410529,979.8184
10/26/2017 10:42:00 AM,410609,979.8184
10/26/2017 10:42:00 AM,410943,979.915
10/26/2017 10:42:00 AM,410981,979.915
10/26/2017 10:43:00 AM,413351,979.75
10/26/2017 10:43:00 AM,413655,979.765
10/26/2017 10:43:00 AM,414813,979.695
10/26/2017 10:43:00 AM,414937,979.695
10/26/2017 10:43:00 AM,414983,979.695
10/26/2017 10:44:00 AM,415148,979.91
10/26/2017 10:44:00 AM,417272,979.20
10/26/2017 10:45:00 AM,418346,979.58
10/26/2017 10:45:00 AM,421702,979.98
10/26/2017 10:45:00 AM,421819,980.43
10/26/2017 10:45:00 AM,421941,980.43
10/26/2017 10:46:00 AM,422197,980.43
10/26/2017 10:46:00 AM,422491,980.632
10/26/2017 10:46:00 AM,423472,980.38
10/26/2017 10:46:00 AM,423527,980.38
10/26/2017 10:47:00 AM,423803,980.1153
10/26/2017 10:47:00 AM,424694,980.35
10/26/2017 10:47:00 AM,424873,980.44
10/26/2017 10:47:00 AM,424923,980.44
10/26/2017 10:48:00 AM,425357,980.455
10/26/2017 10:48:00 AM,425513,980.30
10/26/2017 10:48:00 AM,426984,980.68
10/26/2017 10:48:00 AM,428786,981.11
10/26/2017 10:49:00 AM,429478,981.14
10/26/2017 10:49:00 AM,430298,981.13
10/26/2017 10:49:00 AM,430424,981.13
10/26/2017 10:49:00 AM,430778,980.6831
10/26/2017 10:50:00 AM,431367,981.3336
10/26/2017 10:50:00 AM,432569,981.00
10/26/2017 10:50:00 AM,432864,980.84
10/26/2017 10:50:00 AM,432964,980.59
10/26/2017 10:50:00 AM,433076,980.59
10/26/2017 10:51:00 AM,433445,980.81
10/26/2017 10:51:00 AM,433625,980.81
10/26/2017 10:52:00 AM,434089,980.6995
10/26/2017 10:52:00 AM,434094,980.6995
10/26/2017 10:52:00 AM,435663,980.45
10/26/2017 10:52:00 AM,437409,980.78
10/26/2017 10:52:00 AM,438538,980.14
10/26/2017 10:53:00 AM,438968,980.155
10/26/2017 10:53:00 AM,439580,980.19
10/26/2017 10:53:00 AM,440378,980.53
10/26/2017 10:54:00 AM,443222,980.2985
10/26/2017 10:54:00 AM,443342,980.4458
10/26/2017 10:54:00 AM,443775,980.19
10/26/2017 10:54:00 AM,443795,980.19
10/26/2017 10:54:00 AM,444125,980.39
10/26/2017 10:55:00 AM,444242,980.125
10/26/2017 10:55:00 AM,445281,980.39
10/26/2017 10:55:00 AM,445791,980.44
10/26/2017 10:55:00 AM,446073,980.44
10/26/2017 10:56:00 AM,446194,980.44
10/26/2017 10:56:00 AM,447332,980.028
10/26/2017 10:56:00 AM,447347,980.028
10/26/2017 10:57:00 AM,447459,979.73
10/26/2017 10:57:00 AM,447586,979.89
10/26/2017 10:57:00 AM,447682,979.89
10/26/2017 10:57:00 AM,448158,979.99
10/26/2017 10:58:00 AM,449843,979.67
10/26/2017 10:58:00 AM,450709,979.71
10/26/2017 10:58:00 AM,451099,979.66
10/26/2017 10:59:00 AM,451349,979.6713
10/26/2017 10:59:00 AM,451467,979.6713
10/26/2017 10:59:00 AM,451538,979.6713
10/26/2017 10:59:00 AM,452458,979.41
10/26/2017 11:00:00 AM,452769,979.285
10/26/2017 11:00:00 AM,454661,979.40
10/26/2017 11:00:00 AM,455923,979.45
10/26/2017 11:00:00 AM,456517,979.47
10/26/2017 11:01:00 AM,458661,978.4001
10/26/2017 11:01:00 AM,459770,978.248
10/26/2017 11:01:00 AM,461951,978.86
10/26/2017 11:01:00 AM,462423,978.65
10/26/2017 11:02:00 AM,463018,978.3421
10/26/2017 11:02:00 AM,463076,978.3421
10/26/2017 11:02:00 AM,464302,978.485
10/26/2017 11:02:00 AM,464565,978.48
10/26/2017 11:03:00 AM,465148,978.455
10/26/2017 11:03:00 AM,465549,978.16
10/26/2017 11:03:00 AM,466545,978.14
10/26/2017 11:03:00 AM,467296,977.81
10/26/2017 11:04:00 AM,467747,977.52
10/26/2017 11:04:00 AM,468133,977.48
10/26/2017 11:04:00 AM,468810,977.76
10/26/2017 11:05:00 AM,469171,978.15
10/26/2017 11:05:00 AM,471210,978.12
10/26/2017 11:05:00 AM,472201,979.33
10/26/2017 11:05:00 AM,472501,978.63
10/26/2017 11:06:00 AM,472619,978.70
10/26/2017 11:06:00 AM,474908,978.48
10/26/2017 11:06:00 AM,475222,978.05
10/26/2017 11:06:00 AM,475329,978.6552
10/26/2017 11:06:00 AM,475433,978.535
10/26/2017 11:07:00 AM,476454,978.90
10/26/2017 11:07:00 AM,476519,978.90
10/26/2017 11:07:00 AM,478729,978.75
10/26/2017 11:08:00 AM,479147,978.6795
10/26/2017 11:08:00 AM,479238,978.6795
10/26/2017 11:08:00 AM,479966,978.28
10/26/2017 11:08:00 AM,480383,979.155
10/26/2017 11:09:00 AM,480935,979.00
10/26/2017 11:09:00 AM,480936,979.00
10/26/2017 11:09:00 AM,481045,979.00
10/26/2017 11:09:00 AM,481107,979.00
10/26/2017 11:09:00 AM,481169,979.00
10/26/2017 11:09:00 AM,481319,979.00
10/26/2017 11:10:00 AM,484287,979.62
10/26/2017 11:10:00 AM,484404,979.62
10/26/2017 11:11:00 AM,485191,979.18
10/26/2017 11:11:00 AM,485657,979.19
10/26/2017 11:11:00 AM,487114,979.19
10/26/2017 11:11:00 AM,488070,979.155
10/26/2017 11:11:00 AM,488114,979.155
10/26/2017 11:12:00 AM,488290,979.15
10/26/2017 11:12:00 AM,488447,979.15
10/26/2017 11:13:00 AM,488582,978.91
10/26/2017 11:13:00 AM,488764,978.91
10/26/2017 11:13:00 AM,489272,978.895
10/26/2017 11:13:00 AM,489378,978.895
10/26/2017 11:14:00 AM,489694,978.68
10/26/2017 11:14:00 AM,490833,978.55
10/26/2017 11:14:00 AM,491171,978.36
10/26/2017 11:15:00 AM,492980,977.8501
10/26/2017 11:15:00 AM,493330,978.055
10/26/2017 11:16:00 AM,494833,977.845
10/26/2017 11:16:00 AM,495153,977.67
10/26/2017 11:17:00 AM,497960,977.16
10/26/2017 11:17:00 AM,498644,977.00
10/26/2017 11:17:00 AM,498869,976.76
10/26/2017 11:17:00 AM,499306,976.98
10/26/2017 11:18:00 AM,500728,976.52
10/26/2017 11:18:00 AM,504470,976.72
10/26/2017 11:19:00 AM,505264,976.74
10/26/2017 11:19:00 AM,506052,976.86
10/26/2017 11:19:00 AM,506332,976.88
10/26/2017 11:19:00 AM,507020,976.81
10/26/2017 11:20:00 AM,511924,976.01
10/26/2017 11:20:00 AM,512514,976.06
10/26/2017 11:21:00 AM,513147,976.36
10/26/2017 11:21:00 AM,514058,976.63
10/26/2017 11:21:00 AM,514204,976.63
10/26/2017 11:21:00 AM,514505,976.66
10/26/2017 11:22:00 AM,515669,976.5611
10/26/2017 11:22:00 AM,516576,977.07
10/26/2017 11:23:00 AM,517744,977.00
10/26/2017 11:23:00 AM,517859,976.94
10/26/2017 11:24:00 AM,519468,977.25
10/26/2017 11:24:00 AM,519477,977.25
10/26/2017 11:24:00 AM,519594,976.9464
10/26/2017 11:25:00 AM,520098,977.03
10/26/2017 11:25:00 AM,520112,977.03
10/26/2017 11:25:00 AM,520656,977.11
10/26/2017 11:25:00 AM,520722,977.11
10/26/2017 11:25:00 AM,520815,977.11
10/26/2017 11:25:00 AM,520874,977.11
10/26/2017 11:25:00 AM,520890,977.11
10/26/2017 11:27:00 AM,521513,977.06
10/26/2017 11:27:00 AM,524149,976.9501
10/26/2017 11:27:00 AM,524870,976.99
10/26/2017 11:27:00 AM,524879,976.99
10/26/2017 11:28:00 AM,525589,977.35
10/26/2017 11:28:00 AM,526096,977.321
10/26/2017 11:28:00 AM,526121,977.321
10/26/2017 11:28:00 AM,526537,977.12
10/26/2017 11:29:00 AM,528778,977.06
10/26/2017 11:29:00 AM,529342,977.20
10/26/2017 11:29:00 AM,529697,977.13
10/26/2017 11:29:00 AM,531624,977.46
10/26/2017 11:29:00 AM,531774,977.46
10/26/2017 11:30:00 AM,532486,977.56
10/26/2017 11:30:00 AM,532616,977.35
10/26/2017 11:30:00 AM,533685,977.2248
10/26/2017 11:31:00 AM,536059,977.37
10/26/2017 11:31:00 AM,536515,977.8399
10/26/2017 11:31:00 AM,536598,977.8399
10/26/2017 11:31:00 AM,536605,977.8399
10/26/2017 11:32:00 AM,537821,977.77
10/26/2017 11:32:00 AM,538421,977.85
10/26/2017 11:32:00 AM,538866,978.0394
10/26/2017 11:33:00 AM,539065,977.855
10/26/2017 11:33:00 AM,539501,977.62
10/26/2017 11:33:00 AM,539681,977.465
10/26/2017 11:33:00 AM,539714,977.465
10/26/2017 11:34:00 AM,539816,977.26
10/26/2017 11:34:00 AM,539917,977.195
10/26/2017 11:34:00 AM,540087,977.435
10/26/2017 11:34:00 AM,540146,977.435
10/26/2017 11:35:00 AM,541705,977.67
10/26/2017 11:35:00 AM,542192,978.36
10/26/2017 11:35:00 AM,542254,978.36
10/26/2017 11:35:00 AM,542421,978.465
10/26/2017 11:35:00 AM,542428,978.465
10/26/2017 11:35:00 AM,542476,978.465
10/26/2017 11:36:00 AM,544282,978.85
10/26/2017 11:36:00 AM,544412,978.85
10/26/2017 11:37:00 AM,545396,978.85
10/26/2017 11:37:00 AM,545719,978.5768
10/26/2017 11:37:00 AM,545743,978.5768
10/26/2017 11:38:00 AM,546898,978.25
10/26/2017 11:38:00 AM,547304,978.5275
10/26/2017 11:38:00 AM,547453,978.5275
10/26/2017 11:38:00 AM,547560,978.5275
10/26/2017 11:39:00 AM,548385,978.2025
10/26/2017 11:39:00 AM,548905,978.4354
10/26/2017 11:39:00 AM,549075,977.97
10/26/2017 11:40:00 AM,549503,978.18
10/26/2017 11:40:00 AM,554286,978.415
10/26/2017 11:40:00 AM,554517,977.8475
10/26/2017 11:40:00 AM,554710,977.8475
10/26/2017 11:40:00 AM,554788,977.8475
10/26/2017 11:41:00 AM,556109,978.33
10/26/2017 11:41:00 AM,556220,978.33
10/26/2017 11:42:00 AM,556375,977.92
10/26/2017 11:42:00 AM,556389,977.92
10/26/2017 11:42:00 AM,556534,978.21
10/26/2017 11:42:00 AM,556872,978.0799
10/26/2017 11:43:00 AM,557176,977.96
10/26/2017 11:43:00 AM,557308,977.96
10/26/2017 11:43:00 AM,557813,977.96
10/26/2017 11:43:00 AM,558174,977.63
10/26/2017 11:43:00 AM,558192,977.63
10/26/2017 11:44:00 AM,559425,977.825
10/26/2017 11:44:00 AM,559450,977.825
10/26/2017 11:44:00 AM,559589,977.91
10/26/2017 11:44:00 AM,559630,977.91
10/26/2017 11:45:00 AM,562296,977.84
10/26/2017 11:45:00 AM,562303,977.84
10/26/2017 11:46:00 AM,564347,978.45
10/26/2017 11:46:00 AM,564447,978.65
10/26/2017 11:46:00 AM,566460,978.92
10/26/2017 11:46:00 AM,567142,978.715
10/26/2017 11:47:00 AM,568182,978.41
10/26/2017 11:47:00 AM,568684,978.45
10/26/2017 11:47:00 AM,568784,978.5454
10/26/2017 11:48:00 AM,569086,978.22
10/26/2017 11:48:00 AM,569764,978.19
10/26/2017 11:48:00 AM,571294,978.0116
10/26/2017 11:48:00 AM,571598,977.785
10/26/2017 11:48:00 AM,572724,978.61
10/26/2017 11:48:00 AM,572741,978.61
10/26/2017 11:49:00 AM,572845,978.32
10/26/2017 11:49:00 AM,572929,978.32
10/26/2017 11:49:00 AM,573359,978.32
10/26/2017 11:49:00 AM,573572,978.32
10/26/2017 11:49:00 AM,573690,978.32
10/26/2017 11:49:00 AM,573701,978.32
10/26/2017 11:49:00 AM,573702,978.32
10/26/2017 11:49:00 AM,573812,978.32
10/26/2017 11:51:00 AM,577155,978.999
10/26/2017 11:51:00 AM,577226,978.999
10/26/2017 11:51:00 AM,577232,978.999
10/26/2017 11:52:00 AM,578499,978.07
10/26/2017 11:52:00 AM,578608,978.165
10/26/2017 11:52:00 AM,579221,978.2875
10/26/2017 11:53:00 AM,579434,978.39
10/26/2017 11:53:00 AM,581136,977.91
10/26/2017 11:53:00 AM,581537,977.78
10/26/2017 11:53:00 AM,581754,977.50
10/26/2017 11:53:00 AM,581773,977.50
10/26/2017 11:54:00 AM,583496,977.99
10/26/2017 11:54:00 AM,583499,977.99
10/26/2017 11:54:00 AM,585386,978.305
10/26/2017 11:55:00 AM,585930,978.59
10/26/2017 11:55:00 AM,586112,978.52
10/26/2017 11:55:00 AM,586866,978.53
10/26/2017 11:55:00 AM,587223,978.62
10/26/2017 11:55:00 AM,587714,978.62
10/26/2017 11:56:00 AM,588357,978.86
10/26/2017 11:56:00 AM,588564,978.86
10/26/2017 11:57:00 AM,589385,979.12
10/26/2017 11:57:00 AM,590298,979.31
10/26/2017 11:57:00 AM,590782,979.13
10/26/2017 11:57:00 AM,591038,978.82
10/26/2017 11:57:00 AM,591282,978.82
10/26/2017 11:58:00 AM,591618,978.35
10/26/2017 11:58:00 AM,591728,978.66
10/26/2017 11:58:00 AM,593204,978.68
10/26/2017 11:59:00 AM,593518,979.00
10/26/2017 11:59:00 AM,594280,979.00
10/26/2017 11:59:00 AM,594560,979.00
10/26/2017 12:00:00 PM,594754,979.26
10/26/2017 12:00:00 PM,594767,979.26
10/26/2017 12:00:00 PM,594887,979.30
10/26/2017 12:00:00 PM,594953,979.30
10/26/2017 12:00:00 PM,595086,979.30
10/26/2017 12:01:00 PM,595846,979.49
10/26/2017 12:02:00 PM,596889,979.64
10/26/2017 12:02:00 PM,597401,979.49
10/26/2017 12:02:00 PM,597571,979.49
10/26/2017 12:02:00 PM,597692,979.49
10/26/2017 12:02:00 PM,599135,980.72
10/26/2017 12:03:00 PM,600595,980.28
10/26/2017 12:03:00 PM,600866,980.12
10/26/2017 12:03:00 PM,601157,980.11
10/26/2017 12:03:00 PM,601267,980.11
10/26/2017 12:03:00 PM,601431,980.11
10/26/2017 12:04:00 PM,602470,979.93
10/26/2017 12:04:00 PM,602976,980.12
10/26/2017 12:04:00 PM,602981,980.12
10/26/2017 12:04:00 PM,603007,980.12
10/26/2017 12:05:00 PM,603384,980.29
10/26/2017 12:05:00 PM,603780,980.1024
10/26/2017 12:05:00 PM,604021,980.0732
10/26/2017 12:06:00 PM,604690,980.68
10/26/2017 12:06:00 PM,605740,980.34
10/26/2017 12:06:00 PM,605984,980.34
10/26/2017 12:06:00 PM,606564,979.49
10/26/2017 12:06:00 PM,606639,979.49
10/26/2017 12:06:00 PM,606654,979.49
10/26/2017 12:07:00 PM,606817,980.01
10/26/2017 12:08:00 PM,607040,980.02
10/26/2017 12:08:00 PM,607956,979.68
10/26/2017 12:08:00 PM,607957,979.68
10/26/2017 12:08:00 PM,608058,979.68
10/26/2017 12:09:00 PM,609344,980.02
10/26/2017 12:09:00 PM,610045,980.04
10/26/2017 12:09:00 PM,610060,980.04
10/26/2017 12:09:00 PM,610294,980.06
10/26/2017 12:09:00 PM,610849,980.06
10/26/2017 12:09:00 PM,611179,980.06
10/26/2017 12:09:00 PM,611430,980.06
10/26/2017 12:11:00 PM,612468,980.54
10/26/2017 12:11:00 PM,616571,980.54
10/26/2017 12:11:00 PM,616572,980.54
10/26/2017 12:11:00 PM,616724,980.43
10/26/2017 12:12:00 PM,616826,980.56
10/26/2017 12:12:00 PM,616868,980.56
10/26/2017 12:12:00 PM,617373,980.0558
10/26/2017 12:12:00 PM,617404,980.0558
10/26/2017 12:13:00 PM,617990,980.01
10/26/2017 12:13:00 PM,618127,980.01
10/26/2017 12:13:00 PM,618736,979.44
10/26/2017 12:13:00 PM,618776,979.44
10/26/2017 12:14:00 PM,620560,979.27
10/26/2017 12:14:00 PM,621039,979.43
10/26/2017 12:14:00 PM,621145,979.43
10/26/2017 12:15:00 PM,621256,979.63
10/26/2017 12:15:00 PM,621275,979.63
10/26/2017 12:15:00 PM,621714,979.59
10/26/2017 12:15:00 PM,622281,979.685
10/26/2017 12:15:00 PM,622436,979.685
10/26/2017 12:16:00 PM,622542,979.39
10/26/2017 12:16:00 PM,622746,979.185
10/26/2017 12:17:00 PM,624371,978.48
10/26/2017 12:17:00 PM,625137,978.82
10/26/2017 12:17:00 PM,625337,978.74
10/26/2017 12:17:00 PM,625588,978.86
10/26/2017 12:17:00 PM,625678,978.86
10/26/2017 12:18:00 PM,626951,978.87
10/26/2017 12:18:00 PM,627117,979.353
10/26/2017 12:18:00 PM,627217,979.353
10/26/2017 12:18:00 PM,627253,979.353
10/26/2017 12:18:00 PM,627353,979.353
10/26/2017 12:18:00 PM,627360,979.353
10/26/2017 12:18:00 PM,627470,979.353
10/26/2017 12:19:00 PM,628320,978.81
10/26/2017 12:19:00 PM,628365,978.81
10/26/2017 12:19:00 PM,628373,978.81
10/26/2017 12:19:00 PM,628534,978.81
10/26/2017 12:21:00 PM,629898,979.15
10/26/2017 12:21:00 PM,630013,978.655
10/26/2017 12:21:00 PM,630018,978.655
10/26/2017 12:21:00 PM,630825,979.19
10/26/2017 12:22:00 PM,631521,979.5271
10/26/2017 12:22:00 PM,632028,979.57
10/26/2017 12:22:00 PM,632062,979.57
10/26/2017 12:22:00 PM,633608,979.03
10/26/2017 12:22:00 PM,633713,979.03
10/26/2017 12:22:00 PM,633805,979.03
10/26/2017 12:22:00 PM,634002,979.03
10/26/2017 12:23:00 PM,634210,979.52
10/26/2017 12:23:00 PM,634360,979.52
10/26/2017 12:23:00 PM,634384,979.52
10/26/2017 12:23:00 PM,634392,979.52
10/26/2017 12:23:00 PM,634399,979.52
10/26/2017 12:25:00 PM,635292,978.99
10/26/2017 12:25:00 PM,635525,978.99
10/26/2017 12:25:00 PM,635852,978.72
10/26/2017 12:25:00 PM,635904,978.72
10/26/2017 12:26:00 PM,636385,978.25
10/26/2017 12:26:00 PM,636503,978.25
10/26/2017 12:26:00 PM,636506,978.25
10/26/2017 12:26:00 PM,636551,978.25
10/26/2017 12:27:00 PM,636770,978.32
10/26/2017 12:27:00 PM,636878,978.02
10/26/2017 12:28:00 PM,637086,978.295
10/26/2017 12:28:00 PM,637701,978.00
10/26/2017 12:28:00 PM,637706,978.00
10/26/2017 12:28:00 PM,637726,978.00
10/26/2017 12:29:00 PM,638904,978.075
10/26/2017 12:29:00 PM,641188,978.93
10/26/2017 12:29:00 PM,641213,978.93
10/26/2017 12:29:00 PM,641334,979.165
10/26/2017 12:30:00 PM,642327,978.77
10/26/2017 12:30:00 PM,642336,978.77
10/26/2017 12:30:00 PM,642403,978.77
10/26/2017 12:31:00 PM,643198,978.76
10/26/2017 12:31:00 PM,643623,978.76
10/26/2017 12:31:00 PM,643959,978.395
10/26/2017 12:31:00 PM,644149,978.91
10/26/2017 12:32:00 PM,644743,978.55
10/26/2017 12:32:00 PM,644744,978.55
10/26/2017 12:32:00 PM,644764,978.55
10/26/2017 12:32:00 PM,644867,978.55
10/26/2017 12:32:00 PM,644887,978.55
10/26/2017 12:33:00 PM,645726,978.32
10/26/2017 12:33:00 PM,647122,977.9101
10/26/2017 12:34:00 PM,649985,977.621
10/26/2017 12:34:00 PM,651402,977.99
10/26/2017 12:34:00 PM,652012,977.8825
10/26/2017 12:34:00 PM,652020,977.8825
10/26/2017 12:34:00 PM,652201,977.8825
10/26/2017 12:34:00 PM,652286,977.8825
10/26/2017 12:35:00 PM,654763,977.84
10/26/2017 12:35:00 PM,655765,978.42
10/26/2017 12:35:00 PM,656808,978.42
10/26/2017 12:35:00 PM,656894,978.42
10/26/2017 12:35:00 PM,657436,978.42
10/26/2017 12:35:00 PM,658122,978.42
10/26/2017 12:37:00 PM,659438,978.2201
10/26/2017 12:37:00 PM,659581,978.2201
10/26/2017 12:37:00 PM,660553,978.65
10/26/2017 12:37:00 PM,661028,978.65
10/26/2017 12:38:00 PM,662828,978.6796
10/26/2017 12:38:00 PM,662858,978.6796
10/26/2017 12:38:00 PM,663311,978.38
10/26/2017 12:39:00 PM,664812,978.28
10/26/2017 12:39:00 PM,665262,978.0408
10/26/2017 12:39:00 PM,665440,978.09
10/26/2017 12:39:00 PM,665500,978.09
10/26/2017 12:40:00 PM,665921,977.98
10/26/2017 12:40:00 PM,666061,977.98
10/26/2017 12:40:00 PM,666737,978.05
10/26/2017 12:40:00 PM,666813,978.05
10/26/2017 12:40:00 PM,667093,978.03
10/26/2017 12:41:00 PM,667423,978.21
10/26/2017 12:41:00 PM,667731,978.21
10/26/2017 12:41:00 PM,668807,978.0701
10/26/2017 12:41:00 PM,668899,978.0701
10/26/2017 12:42:00 PM,669885,977.99
10/26/2017 12:42:00 PM,670094,978.06
10/26/2017 12:42:00 PM,670179,978.06
10/26/2017 12:43:00 PM,671225,978.13
10/26/2017 12:43:00 PM,671825,977.87
10/26/2017 12:43:00 PM,671957,977.87
10/26/2017 12:43:00 PM,672414,977.87
10/26/2017 12:44:00 PM,673694,977.99
10/26/2017 12:44:00 PM,673766,977.99
10/26/2017 12:44:00 PM,674873,977.96
10/26/2017 12:44:00 PM,674934,977.96
10/26/2017 12:45:00 PM,675276,978.1753
10/26/2017 12:45:00 PM,675306,978.1753
10/26/2017 12:46:00 PM,675652,977.855
10/26/2017 12:46:00 PM,678215,978.02
10/26/2017 12:46:00 PM,678658,978.00
10/26/2017 12:46:00 PM,678775,978.00
10/26/2017 12:47:00 PM,679252,977.88
10/26/2017 12:47:00 PM,681622,977.87
10/26/2017 12:47:00 PM,681843,977.96
10/26/2017 12:47:00 PM,681857,977.96
10/26/2017 12:48:00 PM,683319,977.79
10/26/2017 12:48:00 PM,684597,977.845
10/26/2017 12:48:00 PM,686286,977.6602
10/26/2017 12:48:00 PM,687704,978.02
10/26/2017 12:48:00 PM,687751,978.02
10/26/2017 12:49:00 PM,687904,978.18
10/26/2017 12:49:00 PM,688962,978.00
10/26/2017 12:49:00 PM,689168,977.86
10/26/2017 12:50:00 PM,689382,978.01
10/26/2017 12:50:00 PM,689600,978.15
10/26/2017 12:50:00 PM,690760,978.19
10/26/2017 12:51:00 PM,691137,978.17
10/26/2017 12:51:00 PM,691682,978.34
10/26/2017 12:51:00 PM,692382,978.35
10/26/2017 12:51:00 PM,692508,978.35
10/26/2017 12:52:00 PM,694176,978.20
10/26/2017 12:52:00 PM,694379,978.25
10/26/2017 12:52:00 PM,694394,978.25
10/26/2017 12:53:00 PM,695048,977.969
10/26/2017 12:53:00 PM,695147,977.969
10/26/2017 12:53:00 PM,695289,978.00
10/26/2017 12:53:00 PM,695308,978.00
10/26/2017 12:54:00 PM,695600,977.9693
10/26/2017 12:54:00 PM,695804,977.945
10/26/2017 12:54:00 PM,696735,977.84
10/26/2017 12:55:00 PM,697096,978.01
10/26/2017 12:55:00 PM,697947,977.79
10/26/2017 12:55:00 PM,698066,977.80
10/26/2017 12:56:00 PM,698373,977.835
10/26/2017 12:56:00 PM,698819,977.63
10/26/2017 12:56:00 PM,699913,977.69
10/26/2017 12:56:00 PM,699938,977.69
10/26/2017 12:57:00 PM,702194,977.10
10/26/2017 12:58:00 PM,703683,977.26
10/26/2017 12:58:00 PM,705617,977.0001
10/26/2017 12:58:00 PM,705909,977.04
10/26/2017 12:58:00 PM,706353,977.08
10/26/2017 12:59:00 PM,707725,976.76
10/26/2017 12:59:00 PM,708029,976.75
10/26/2017 12:59:00 PM,708129,976.75
10/26/2017 12:59:00 PM,708451,976.8775
10/26/2017 12:59:00 PM,708846,976.83
10/26/2017 1:00:00 PM,709357,976.45
10/26/2017 1:00:00 PM,709538,976.45
10/26/2017 1:00:00 PM,709591,976.45
10/26/2017 1:01:00 PM,715613,976.00
10/26/2017 1:01:00 PM,715736,976.00
10/26/2017 1:01:00 PM,717925,976.21
10/26/2017 1:02:00 PM,720361,976.185
10/26/2017 1:02:00 PM,720811,976.18
10/26/2017 1:02:00 PM,721270,976.28
10/26/2017 1:02:00 PM,721340,976.28
10/26/2017 1:03:00 PM,723385,976.3525
10/26/2017 1:03:00 PM,723485,976.42
10/26/2017 1:03:00 PM,724674,976.54
10/26/2017 1:04:00 PM,725054,976.64
10/26/2017 1:04:00 PM,727247,976.78
10/26/2017 1:04:00 PM,728276,976.481
10/26/2017 1:04:00 PM,728299,976.481
10/26/2017 1:05:00 PM,728749,976.48
10/26/2017 1:05:00 PM,728773,976.48
10/26/2017 1:06:00 PM,733662,976.80
10/26/2017 1:06:00 PM,734282,976.82
10/26/2017 1:06:00 PM,734732,976.66
10/26/2017 1:06:00 PM,734899,976.64
10/26/2017 1:06:00 PM,735168,976.92
10/26/2017 1:07:00 PM,737330,976.94
10/26/2017 1:07:00 PM,741656,977.235
10/26/2017 1:07:00 PM,742029,976.79
10/26/2017 1:07:00 PM,742123,976.79
10/26/2017 1:08:00 PM,744320,977.67
10/26/2017 1:08:00 PM,744456,977.34
10/26/2017 1:08:00 PM,744855,977.34
10/26/2017 1:08:00 PM,744881,977.34
10/26/2017 1:09:00 PM,745239,977.10
10/26/2017 1:09:00 PM,745425,977.13
10/26/2017 1:09:00 PM,745547,977.13
10/26/2017 1:10:00 PM,745921,976.8957
10/26/2017 1:10:00 PM,747503,976.7901
10/26/2017 1:11:00 PM,747645,977.045
10/26/2017 1:11:00 PM,747747,977.045
10/26/2017 1:11:00 PM,748127,977.28
10/26/2017 1:11:00 PM,748363,977.28
10/26/2017 1:12:00 PM,748586,976.92
10/26/2017 1:12:00 PM,748696,977.22
10/26/2017 1:12:00 PM,750246,976.94
10/26/2017 1:13:00 PM,751140,977.12
10/26/2017 1:13:00 PM,752079,976.73
10/26/2017 1:13:00 PM,752502,976.77
10/26/2017 1:14:00 PM,752890,976.845
10/26/2017 1:14:00 PM,752892,976.845
10/26/2017 1:14:00 PM,752958,976.845
10/26/2017 1:14:00 PM,753200,976.92
10/26/2017 1:15:00 PM,756066,976.88
10/26/2017 1:15:00 PM,756464,976.80
10/26/2017 1:15:00 PM,757631,976.805
10/26/2017 1:16:00 PM,758848,976.925
10/26/2017 1:16:00 PM,759924,976.96
10/26/2017 1:17:00 PM,768740,977.73
10/26/2017 1:17:00 PM,768980,977.71
10/26/2017 1:17:00 PM,770456,977.90
10/26/2017 1:17:00 PM,770504,977.90
10/26/2017 1:18:00 PM,770890,978.145
10/26/2017 1:18:00 PM,771590,978.04
10/26/2017 1:18:00 PM,773351,978.27
10/26/2017 1:19:00 PM,774075,978.1675
10/26/2017 1:19:00 PM,774111,978.1675
10/26/2017 1:19:00 PM,774946,978.03
10/26/2017 1:19:00 PM,775757,978.04
10/26/2017 1:20:00 PM,776069,978.16
10/26/2017 1:20:00 PM,776227,978.10
10/26/2017 1:20:00 PM,776343,978.06
10/26/2017 1:20:00 PM,776553,978.06
10/26/2017 1:21:00 PM,776849,977.95
10/26/2017 1:21:00 PM,777002,978.06
10/26/2017 1:21:00 PM,778995,977.75
10/26/2017 1:21:00 PM,779000,977.75
10/26/2017 1:22:00 PM,779421,977.71
10/26/2017 1:22:00 PM,780172,977.3416
10/26/2017 1:22:00 PM,783605,977.00
10/26/2017 1:23:00 PM,784597,976.79
10/26/2017 1:23:00 PM,785207,976.79
10/26/2017 1:23:00 PM,787434,976.93
10/26/2017 1:23:00 PM,787971,976.86
10/26/2017 1:24:00 PM,788485,976.80
10/26/2017 1:24:00 PM,789402,976.875
10/26/2017 1:24:00 PM,790577,976.66
10/26/2017 1:24:00 PM,792063,976.715
10/26/2017 1:25:00 PM,792586,976.82
10/26/2017 1:25:00 PM,793682,976.99
10/26/2017 1:25:00 PM,793941,977.20
10/26/2017 1:25:00 PM,795944,977.16
10/26/2017 1:26:00 PM,797959,976.925
10/26/2017 1:26:00 PM,798623,977.06
10/26/2017 1:26:00 PM,798837,977.06
10/26/2017 1:26:00 PM,799908,976.84
10/26/2017 1:27:00 PM,800847,976.94
10/26/2017 1:27:00 PM,800946,976.94
10/26/2017 1:27:00 PM,801500,977.04
10/26/2017 1:27:00 PM,801859,977.08
10/26/2017 1:28:00 PM,802184,977.22
10/26/2017 1:28:00 PM,802944,976.99
10/26/2017 1:28:00 PM,803465,977.20
10/26/2017 1:28:00 PM,804068,977.06
10/26/2017 1:29:00 PM,805009,976.75
10/26/2017 1:29:00 PM,805482,976.505
10/26/2017 1:29:00 PM,805797,976.68
10/26/2017 1:29:00 PM,805812,976.68
10/26/2017 1:29:00 PM,805832,976.68
10/26/2017 1:30:00 PM,806790,976.39
10/26/2017 1:30:00 PM,808933,976.4401
10/26/2017 1:30:00 PM,809289,976.42
10/26/2017 1:31:00 PM,809875,976.6029
10/26/2017 1:31:00 PM,809883,976.6029
10/26/2017 1:31:00 PM,809886,976.6029
10/26/2017 1:32:00 PM,810532,976.82
10/26/2017 1:32:00 PM,811054,976.875
10/26/2017 1:32:00 PM,811364,976.7001
10/26/2017 1:32:00 PM,811483,976.97
10/26/2017 1:32:00 PM,811492,976.97
10/26/2017 1:33:00 PM,813345,976.73
10/26/2017 1:33:00 PM,814255,976.705
10/26/2017 1:33:00 PM,815201,976.60
10/26/2017 1:33:00 PM,815502,976.30
10/26/2017 1:34:00 PM,815932,976.465
10/26/2017 1:34:00 PM,816181,976.465
10/26/2017 1:34:00 PM,816584,975.85
10/26/2017 1:35:00 PM,816854,975.90
10/26/2017 1:35:00 PM,818765,976.00
10/26/2017 1:35:00 PM,820674,976.59
10/26/2017 1:35:00 PM,820824,976.49
10/26/2017 1:35:00 PM,821254,976.67
10/26/2017 1:36:00 PM,821610,976.72
10/26/2017 1:36:00 PM,822037,976.75
10/26/2017 1:36:00 PM,823055,976.65
10/26/2017 1:36:00 PM,823255,976.66
10/26/2017 1:37:00 PM,823395,976.68
10/26/2017 1:37:00 PM,823420,976.68
10/26/2017 1:37:00 PM,824124,976.36
10/26/2017 1:38:00 PM,824257,976.85
10/26/2017 1:38:00 PM,826873,976.98
10/26/2017 1:38:00 PM,827307,976.69
10/26/2017 1:39:00 PM,827978,976.71
10/26/2017 1:39:00 PM,828056,976.71
10/26/2017 1:39:00 PM,830404,976.545
10/26/2017 1:39:00 PM,830894,976.45
10/26/2017 1:40:00 PM,831118,976.485
10/26/2017 1:40:00 PM,831429,976.46
10/26/2017 1:40:00 PM,831564,976.47
10/26/2017 1:40:00 PM,831665,976.50
10/26/2017 1:41:00 PM,832552,975.75
10/26/2017 1:41:00 PM,832852,975.86
10/26/2017 1:41:00 PM,834013,975.84
10/26/2017 1:41:00 PM,834125,975.85
10/26/2017 1:42:00 PM,834503,975.81
10/26/2017 1:42:00 PM,836260,975.9601
10/26/2017 1:42:00 PM,836378,975.99
10/26/2017 1:42:00 PM,837926,975.78
10/26/2017 1:42:00 PM,837958,975.78
10/26/2017 1:43:00 PM,838290,975.60
10/26/2017 1:43:00 PM,838710,975.60
10/26/2017 1:43:00 PM,838715,975.60
10/26/2017 1:43:00 PM,838778,975.60
10/26/2017 1:44:00 PM,841087,975.455
10/26/2017 1:44:00 PM,843754,975.44
10/26/2017 1:45:00 PM,844371,975.7037
10/26/2017 1:45:00 PM,844486,975.63
10/26/2017 1:45:00 PM,845517,975.6947
10/26/2017 1:45:00 PM,847587,975.31
10/26/2017 1:46:00 PM,848117,975.45
10/26/2017 1:46:00 PM,848452,975.31
10/26/2017 1:46:00 PM,848853,975.36
10/26/2017 1:46:00 PM,849592,975.39
10/26/2017 1:46:00 PM,850339,975.36
10/26/2017 1:47:00 PM,850459,975.40
10/26/2017 1:47:00 PM,850928,975.42
10/26/2017 1:47:00 PM,850942,975.42
10/26/2017 1:48:00 PM,851560,975.43
10/26/2017 1:48:00 PM,851691,975.45
10/26/2017 1:48:00 PM,853026,975.46
10/26/2017 1:48:00 PM,853045,975.46
10/26/2017 1:49:00 PM,855373,975.53
10/26/2017 1:49:00 PM,855425,975.53
10/26/2017 1:49:00 PM,857427,975.50
10/26/2017 1:49:00 PM,857537,975.50
10/26/2017 1:49:00 PM,857640,975.50
10/26/2017 1:50:00 PM,858080,975.9199
10/26/2017 1:50:00 PM,858227,975.72
10/26/2017 1:50:00 PM,858998,975.40
10/26/2017 1:50:00 PM,860120,975.15
10/26/2017 1:50:00 PM,860277,975.15
10/26/2017 1:51:00 PM,860629,975.22
10/26/2017 1:51:00 PM,861134,975.21
10/26/2017 1:52:00 PM,865553,974.86
10/26/2017 1:52:00 PM,866763,975.09
10/26/2017 1:52:00 PM,867204,975.26
10/26/2017 1:52:00 PM,867234,975.26
10/26/2017 1:53:00 PM,868183,975.315
10/26/2017 1:53:00 PM,868504,975.38
10/26/2017 1:53:00 PM,868933,975.36
10/26/2017 1:53:00 PM,869016,975.36
10/26/2017 1:53:00 PM,869138,975.36
10/26/2017 1:54:00 PM,869686,975.315
10/26/2017 1:54:00 PM,869815,975.29
10/26/2017 1:54:00 PM,869870,975.29
10/26/2017 1:55:00 PM,870535,975.41
10/26/2017 1:55:00 PM,872192,975.44
10/26/2017 1:55:00 PM,873359,975.70
10/26/2017 1:55:00 PM,873471,975.70
10/26/2017 1:56:00 PM,873807,975.72
10/26/2017 1:56:00 PM,874160,975.47
10/26/2017 1:56:00 PM,874240,975.47
10/26/2017 1:56:00 PM,874571,975.41
10/26/2017 1:57:00 PM,874962,975.205
10/26/2017 1:57:00 PM,875475,975.34
10/26/2017 1:57:00 PM,875701,975.21
10/26/2017 1:57:00 PM,875997,975.21
10/26/2017 1:58:00 PM,876750,975.20
10/26/2017 1:58:00 PM,878310,974.96
10/26/2017 1:58:00 PM,884004,974.61
10/26/2017 1:58:00 PM,884858,974.575
10/26/2017 1:59:00 PM,886665,974.37
10/26/2017 1:59:00 PM,887276,974.27
10/26/2017 1:59:00 PM,888159,974.45
10/26/2017 2:00:00 PM,888876,974.52
10/26/2017 2:00:00 PM,889595,974.52
10/26/2017 2:00:00 PM,889779,974.58
10/26/2017 2:00:00 PM,890338,974.795
10/26/2017 2:01:00 PM,891991,974.92
10/26/2017 2:01:00 PM,892752,975.09
10/26/2017 2:01:00 PM,893588,975.315
10/26/2017 2:01:00 PM,894887,974.94
10/26/2017 2:02:00 PM,897317,975.00
10/26/2017 2:02:00 PM,897556,974.68
10/26/2017 2:02:00 PM,898067,975.13
10/26/2017 2:02:00 PM,901839,974.62
10/26/2017 2:03:00 PM,903001,974.815
10/26/2017 2:03:00 PM,903767,975.09
10/26/2017 2:03:00 PM,903866,975.09
10/26/2017 2:03:00 PM,903971,975.14
10/26/2017 2:04:00 PM,904075,975.08
10/26/2017 2:04:00 PM,905094,974.95
10/26/2017 2:04:00 PM,905209,974.764
10/26/2017 2:04:00 PM,905301,974.764
10/26/2017 2:04:00 PM,905971,975.13
10/26/2017 2:05:00 PM,913993,975.16
10/26/2017 2:05:00 PM,918221,975.94
10/26/2017 2:05:00 PM,918239,975.94
10/26/2017 2:06:00 PM,920422,976.33
10/26/2017 2:06:00 PM,920432,976.33
10/26/2017 2:06:00 PM,921404,976.66
10/26/2017 2:06:00 PM,923054,976.63
10/26/2017 2:07:00 PM,923579,976.65
10/26/2017 2:07:00 PM,924100,976.80
10/26/2017 2:07:00 PM,924204,976.80
10/26/2017 2:07:00 PM,925982,976.68
10/26/2017 2:08:00 PM,926718,976.74
10/26/2017 2:08:00 PM,927853,976.82
10/26/2017 2:08:00 PM,928138,976.835
10/26/2017 2:08:00 PM,928653,976.92
10/26/2017 2:09:00 PM,931871,977.12
10/26/2017 2:09:00 PM,931978,977.12
10/26/2017 2:09:00 PM,932707,977.0424
10/26/2017 2:10:00 PM,937659,976.61
10/26/2017 2:10:00 PM,938770,976.68
10/26/2017 2:10:00 PM,939121,976.91
10/26/2017 2:11:00 PM,939240,976.98
10/26/2017 2:11:00 PM,940001,977.18
10/26/2017 2:11:00 PM,940048,977.18
10/26/2017 2:11:00 PM,940546,977.50
10/26/2017 2:12:00 PM,942100,977.60
10/26/2017 2:12:00 PM,943023,978.05
10/26/2017 2:12:00 PM,944393,978.09
10/26/2017 2:12:00 PM,945273,977.60
10/26/2017 2:12:00 PM,947161,977.56
10/26/2017 2:13:00 PM,948757,977.57
10/26/2017 2:13:00 PM,949529,977.50
10/26/2017 2:13:00 PM,949612,977.50
10/26/2017 2:13:00 PM,949613,977.50
10/26/2017 2:14:00 PM,951019,978.27
10/26/2017 2:14:00 PM,951230,977.985
10/26/2017 2:14:00 PM,951524,977.9824
10/26/2017 2:15:00 PM,952777,977.75
10/26/2017 2:15:00 PM,952864,977.75
10/26/2017 2:15:00 PM,953291,977.74
10/26/2017 2:15:00 PM,953416,977.86
10/26/2017 2:16:00 PM,953518,977.725
10/26/2017 2:16:00 PM,953527,977.725
10/26/2017 2:16:00 PM,954316,977.72
10/26/2017 2:17:00 PM,956439,977.665
10/26/2017 2:17:00 PM,956557,977.665
10/26/2017 2:17:00 PM,957422,977.71
10/26/2017 2:17:00 PM,958127,977.64
10/26/2017 2:18:00 PM,958736,977.0048
10/26/2017 2:18:00 PM,958751,977.0048
10/26/2017 2:18:00 PM,958755,977.0048
10/26/2017 2:18:00 PM,958760,977.0048
10/26/2017 2:19:00 PM,958910,977.26
10/26/2017 2:19:00 PM,959079,977.26
10/26/2017 2:19:00 PM,959290,977.00
10/26/2017 2:20:00 PM,959723,976.54
10/26/2017 2:20:00 PM,959969,976.46
10/26/2017 2:20:00 PM,960803,976.03
10/26/2017 2:20:00 PM,961506,975.62
10/26/2017 2:21:00 PM,961931,975.69
10/26/2017 2:21:00 PM,962989,975.93
10/26/2017 2:21:00 PM,963052,975.93
10/26/2017 2:21:00 PM,963262,975.85
10/26/2017 2:22:00 PM,965036,975.845
10/26/2017 2:22:00 PM,967824,975.762
10/26/2017 2:22:00 PM,968239,975.9212
10/26/2017 2:22:00 PM,968309,975.9212
10/26/2017 2:23:00 PM,972747,976.195
10/26/2017 2:23:00 PM,972848,976.39
10/26/2017 2:23:00 PM,973319,976.70
10/26/2017 2:24:00 PM,973585,976.51
10/26/2017 2:24:00 PM,974617,977.15
10/26/2017 2:24:00 PM,974929,977.105
10/26/2017 2:24:00 PM,975255,977.03
10/26/2017 2:25:00 PM,975376,977.06
10/26/2017 2:25:00 PM,975536,977.01
10/26/2017 2:25:00 PM,976176,977.03
10/26/2017 2:25:00 PM,977021,977.00
10/26/2017 2:25:00 PM,977029,977.00
10/26/2017 2:26:00 PM,977723,977.09
10/26/2017 2:26:00 PM,979383,977.01
10/26/2017 2:26:00 PM,979403,977.01
10/26/2017 2:27:00 PM,980038,976.90
10/26/2017 2:27:00 PM,980922,976.81
10/26/2017 2:27:00 PM,981679,976.88
10/26/2017 2:28:00 PM,982476,976.93
10/26/2017 2:28:00 PM,982880,976.93
10/26/2017 2:28:00 PM,983803,976.765
10/26/2017 2:28:00 PM,984440,976.7101
10/26/2017 2:28:00 PM,984645,976.865
10/26/2017 2:29:00 PM,985927,976.82
10/26/2017 2:29:00 PM,986798,976.1201
10/26/2017 2:29:00 PM,987741,976.22
10/26/2017 2:30:00 PM,987921,976.21
10/26/2017 2:30:00 PM,988074,976.11
10/26/2017 2:30:00 PM,989612,976.35
10/26/2017 2:30:00 PM,990246,976.44
10/26/2017 2:30:00 PM,990455,976.29
10/26/2017 2:31:00 PM,990923,976.0101
10/26/2017 2:31:00 PM,991451,976.57
10/26/2017 2:31:00 PM,991491,976.57
10/26/2017 2:31:00 PM,991495,976.57
10/26/2017 2:32:00 PM,992111,976.709
10/26/2017 2:32:00 PM,992273,976.58
10/26/2017 2:32:00 PM,992356,976.58
10/26/2017 2:33:00 PM,993346,976.69
10/26/2017 2:33:00 PM,993606,976.69
10/26/2017 2:33:00 PM,993730,976.78
10/26/2017 2:33:00 PM,993802,976.78
10/26/2017 2:34:00 PM,994278,976.83
10/26/2017 2:34:00 PM,995037,976.93
10/26/2017 2:34:00 PM,995409,977.00
10/26/2017 2:34:00 PM,996154,977.00
10/26/2017 2:35:00 PM,997014,976.641
10/26/2017 2:35:00 PM,997015,976.641
10/26/2017 2:35:00 PM,999021,976.9084
10/26/2017 2:35:00 PM,999223,976.996
10/26/2017 2:35:00 PM,999271,976.996
10/26/2017 2:36:00 PM,1000656,977.05
10/26/2017 2:36:00 PM,1001169,977.0874
10/26/2017 2:37:00 PM,1002403,976.97
10/26/2017 2:37:00 PM,1002948,976.985
10/26/2017 2:37:00 PM,1003162,976.98
10/26/2017 2:37:00 PM,1003467,977.125
10/26/2017 2:38:00 PM,1004570,977.075
10/26/2017 2:38:00 PM,1004728,977.075
10/26/2017 2:38:00 PM,1004662,976.98
10/26/2017 2:38:00 PM,1004785,976.95
10/26/2017 2:38:00 PM,1004801,976.95
10/26/2017 2:39:00 PM,1005006,977.1241
10/26/2017 2:39:00 PM,1005212,977.0475
10/26/2017 2:39:00 PM,1005496,976.78
10/26/2017 2:39:00 PM,1005503,976.78
10/26/2017 2:40:00 PM,1005717,977.004
10/26/2017 2:40:00 PM,1009509,977.06
10/26/2017 2:40:00 PM,1009918,977.22
10/26/2017 2:41:00 PM,1010451,977.56
10/26/2017 2:41:00 PM,1010825,977.27
10/26/2017 2:41:00 PM,1011010,977.34
10/26/2017 2:41:00 PM,1011486,977.39
10/26/2017 2:42:00 PM,1012517,977.36
10/26/2017 2:42:00 PM,1013300,977.14
10/26/2017 2:42:00 PM,1014127,977.05
10/26/2017 2:42:00 PM,1016070,977.03
10/26/2017 2:43:00 PM,1019270,977.00
10/26/2017 2:43:00 PM,1019707,977.10
10/26/2017 2:43:00 PM,1019946,977.10
10/26/2017 2:43:00 PM,1021199,977.15
10/26/2017 2:44:00 PM,1022133,977.03
10/26/2017 2:44:00 PM,1022156,977.03
10/26/2017 2:44:00 PM,1022256,976.735
10/26/2017 2:44:00 PM,1022586,977.09
10/26/2017 2:45:00 PM,1024338,977.00
10/26/2017 2:45:00 PM,1024386,977.00
10/26/2017 2:45:00 PM,1025685,976.8238
10/26/2017 2:45:00 PM,1026314,976.87
10/26/2017 2:45:00 PM,1026576,976.95
10/26/2017 2:45:00 PM,1026629,976.95
10/26/2017 2:46:00 PM,1026980,976.52
10/26/2017 2:46:00 PM,1030019,977.00
10/26/2017 2:47:00 PM,1030845,976.99
10/26/2017 2:47:00 PM,1032118,976.81
10/26/2017 2:47:00 PM,1032271,976.81
10/26/2017 2:47:00 PM,1033186,976.50
10/26/2017 2:48:00 PM,1034898,976.47
10/26/2017 2:48:00 PM,1035086,976.52
10/26/2017 2:48:00 PM,1035293,976.56
10/26/2017 2:48:00 PM,1035316,976.56
10/26/2017 2:49:00 PM,1037351,976.02
10/26/2017 2:49:00 PM,1039183,976.35
10/26/2017 2:49:00 PM,1039494,976.325
10/26/2017 2:49:00 PM,1039903,976.03
10/26/2017 2:50:00 PM,1040128,976.28
10/26/2017 2:50:00 PM,1040443,976.18
10/26/2017 2:50:00 PM,1040682,976.26
10/26/2017 2:51:00 PM,1042591,976.20
10/26/2017 2:51:00 PM,1042851,976.265
10/26/2017 2:51:00 PM,1043102,976.03
10/26/2017 2:51:00 PM,1043628,976.07
10/26/2017 2:52:00 PM,1046180,976.24
10/26/2017 2:52:00 PM,1046393,976.52
10/26/2017 2:52:00 PM,1046613,976.065
10/26/2017 2:52:00 PM,1052430,976.60
10/26/2017 2:53:00 PM,1052711,976.85
10/26/2017 2:53:00 PM,1054045,976.8327
10/26/2017 2:53:00 PM,1055195,976.63
10/26/2017 2:53:00 PM,1055200,976.63
10/26/2017 2:53:00 PM,1055217,976.63
10/26/2017 2:54:00 PM,1055334,976.61
10/26/2017 2:54:00 PM,1055346,976.61
10/26/2017 2:54:00 PM,1055371,976.61
10/26/2017 2:54:00 PM,1056107,976.68
10/26/2017 2:55:00 PM,1057288,976.77
10/26/2017 2:55:00 PM,1057333,976.77
10/26/2017 2:55:00 PM,1058323,977.00
10/26/2017 2:55:00 PM,1058584,977.15
10/26/2017 2:56:00 PM,1059183,977.0003
10/26/2017 2:56:00 PM,1059310,977.0003
10/26/2017 2:56:00 PM,1060106,977.34
10/26/2017 2:57:00 PM,1061439,977.65
10/26/2017 2:57:00 PM,1062064,977.61
10/26/2017 2:57:00 PM,1063475,977.375
10/26/2017 2:57:00 PM,1063745,977.60
10/26/2017 2:58:00 PM,1064167,977.505
10/26/2017 2:58:00 PM,1065114,977.47
10/26/2017 2:58:00 PM,1066878,977.52
10/26/2017 2:58:00 PM,1067263,977.65
10/26/2017 2:58:00 PM,1068109,977.71
10/26/2017 2:59:00 PM,1068745,977.62
10/26/2017 2:59:00 PM,1069131,977.62
10/26/2017 2:59:00 PM,1069382,977.6963
10/26/2017 3:00:00 PM,1071451,977.97
10/26/2017 3:00:00 PM,1071914,977.825
10/26/2017 3:00:00 PM,1072841,978.04
10/26/2017 3:00:00 PM,1073407,978.19
10/26/2017 3:01:00 PM,1074398,978.6702
10/26/2017 3:01:00 PM,1077372,977.84
10/26/2017 3:01:00 PM,1077645,978.142
10/26/2017 3:01:00 PM,1078984,978.25
10/26/2017 3:02:00 PM,1080340,978.51
10/26/2017 3:02:00 PM,1080662,978.66
10/26/2017 3:02:00 PM,1081351,978.87
10/26/2017 3:02:00 PM,1082848,978.655
10/26/2017 3:03:00 PM,1083264,978.77
10/26/2017 3:03:00 PM,1083945,978.805
10/26/2017 3:03:00 PM,1085036,978.77
10/26/2017 3:03:00 PM,1085956,978.78
10/26/2017 3:04:00 PM,1088546,978.2757
10/26/2017 3:04:00 PM,1089307,978.28
10/26/2017 3:04:00 PM,1091020,978.16
10/26/2017 3:05:00 PM,1091275,978.49
10/26/2017 3:05:00 PM,1091508,978.49
10/26/2017 3:05:00 PM,1091945,978.608
10/26/2017 3:05:00 PM,1094283,977.84
10/26/2017 3:05:00 PM,1094724,977.95
10/26/2017 3:06:00 PM,1097647,978.20
10/26/2017 3:06:00 PM,1098052,978.14
10/26/2017 3:06:00 PM,1099048,977.81
10/26/2017 3:06:00 PM,1100705,977.76
10/26/2017 3:07:00 PM,1101552,977.26
10/26/2017 3:07:00 PM,1104270,977.466
10/26/2017 3:07:00 PM,1105636,977.43
10/26/2017 3:08:00 PM,1105791,977.385
10/26/2017 3:08:00 PM,1107058,977.25
10/26/2017 3:08:00 PM,1109069,976.78
10/26/2017 3:08:00 PM,1109118,976.78
10/26/2017 3:09:00 PM,1112969,976.325
10/26/2017 3:09:00 PM,1115418,976.85
10/26/2017 3:09:00 PM,1117318,976.50
10/26/2017 3:09:00 PM,1119163,976.83
10/26/2017 3:10:00 PM,1120642,976.8947
10/26/2017 3:10:00 PM,1122044,976.75
10/26/2017 3:10:00 PM,1123880,976.54
10/26/2017 3:10:00 PM,1124801,976.94
10/26/2017 3:11:00 PM,1126740,977.29
10/26/2017 3:11:00 PM,1128549,977.77
10/26/2017 3:11:00 PM,1128582,977.77
10/26/2017 3:11:00 PM,1129477,977.58
10/26/2017 3:12:00 PM,1129770,977.509
10/26/2017 3:12:00 PM,1132052,977.32
10/26/2017 3:12:00 PM,1132925,977.30
10/26/2017 3:12:00 PM,1134471,977.39
10/26/2017 3:13:00 PM,1135605,977.23
10/26/2017 3:13:00 PM,1137842,977.57
10/26/2017 3:13:00 PM,1138115,977.98
10/26/2017 3:13:00 PM,1138677,977.88
10/26/2017 3:14:00 PM,1138838,977.88
10/26/2017 3:14:00 PM,1139342,977.98
10/26/2017 3:14:00 PM,1139393,977.98
10/26/2017 3:14:00 PM,1140930,977.94
10/26/2017 3:15:00 PM,1141399,977.99
10/26/2017 3:15:00 PM,1141526,977.97
10/26/2017 3:15:00 PM,1143315,977.68
10/26/2017 3:15:00 PM,1143530,977.76
10/26/2017 3:16:00 PM,1143957,977.54
10/26/2017 3:16:00 PM,1144459,977.63
10/26/2017 3:16:00 PM,1146953,977.673
10/26/2017 3:17:00 PM,1148570,977.51
10/26/2017 3:17:00 PM,1148676,977.59
10/26/2017 3:17:00 PM,1149934,977.70
10/26/2017 3:17:00 PM,1150573,977.49
10/26/2017 3:18:00 PM,1151487,977.43
10/26/2017 3:18:00 PM,1153302,977.70
10/26/2017 3:18:00 PM,1153625,977.40
10/26/2017 3:18:00 PM,1154025,977.735
10/26/2017 3:18:00 PM,1154562,977.54
10/26/2017 3:19:00 PM,1156141,977.66
10/26/2017 3:19:00 PM,1157481,977.89
10/26/2017 3:19:00 PM,1157784,977.69
10/26/2017 3:20:00 PM,1158891,977.76
10/26/2017 3:20:00 PM,1158958,977.76
10/26/2017 3:20:00 PM,1160793,977.86
10/26/2017 3:20:00 PM,1162892,977.88
10/26/2017 3:21:00 PM,1165900,977.93
10/26/2017 3:21:00 PM,1166817,977.9999
10/26/2017 3:21:00 PM,1167745,977.80
10/26/2017 3:21:00 PM,1168388,977.72
10/26/2017 3:21:00 PM,1168924,977.66
10/26/2017 3:22:00 PM,1169697,977.57
10/26/2017 3:22:00 PM,1170090,977.3975
10/26/2017 3:22:00 PM,1170956,977.38
10/26/2017 3:23:00 PM,1171642,977.3875
10/26/2017 3:23:00 PM,1172398,977.31
10/26/2017 3:23:00 PM,1173305,977.22
10/26/2017 3:23:00 PM,1175364,976.75
10/26/2017 3:24:00 PM,1176422,976.70
10/26/2017 3:24:00 PM,1176773,976.69
10/26/2017 3:24:00 PM,1180612,976.7499
10/26/2017 3:24:00 PM,1183492,976.9899
10/26/2017 3:25:00 PM,1186280,976.935
10/26/2017 3:25:00 PM,1186473,977.00
10/26/2017 3:25:00 PM,1186918,977.045
10/26/2017 3:25:00 PM,1187799,977.075
10/26/2017 3:26:00 PM,1190203,977.01
10/26/2017 3:26:00 PM,1194605,977.33
10/26/2017 3:26:00 PM,1195799,977.45
10/26/2017 3:26:00 PM,1196880,977.34
10/26/2017 3:27:00 PM,1197576,977.44
10/26/2017 3:27:00 PM,1199363,977.32
10/26/2017 3:27:00 PM,1200221,977.265
10/26/2017 3:27:00 PM,1201920,977.40
10/26/2017 3:27:00 PM,1202209,977.5147
10/26/2017 3:28:00 PM,1206050,977.29
10/26/2017 3:28:00 PM,1206205,977.50
10/26/2017 3:28:00 PM,1206535,977.345
10/26/2017 3:29:00 PM,1207768,977.34
10/26/2017 3:29:00 PM,1211508,977.74
10/26/2017 3:29:00 PM,1213668,977.48
10/26/2017 3:29:00 PM,1215187,977.24
10/26/2017 3:30:00 PM,1216131,976.855
10/26/2017 3:30:00 PM,1219573,977.40
10/26/2017 3:30:00 PM,1220716,977.3598
10/26/2017 3:31:00 PM,1222006,977.37
10/26/2017 3:31:00 PM,1223351,977.535
10/26/2017 3:31:00 PM,1224032,977.475
10/26/2017 3:31:00 PM,1224595,977.5199
10/26/2017 3:31:00 PM,1224892,977.43
10/26/2017 3:32:00 PM,1225748,977.30
10/26/2017 3:32:00 PM,1229800,977.565
10/26/2017 3:32:00 PM,1231599,977.47
10/26/2017 3:33:00 PM,1232278,977.465
10/26/2017 3:33:00 PM,1232959,977.40
10/26/2017 3:33:00 PM,1235718,977.32
10/26/2017 3:33:00 PM,1238240,977.05
10/26/2017 3:34:00 PM,1238606,977.11
10/26/2017 3:34:00 PM,1241316,977.46
10/26/2017 3:34:00 PM,1242057,977.46
10/26/2017 3:34:00 PM,1242934,977.10
10/26/2017 3:34:00 PM,1243049,977.10
10/26/2017 3:35:00 PM,1244026,977.0476
10/26/2017 3:35:00 PM,1244320,977.03
10/26/2017 3:35:00 PM,1245552,976.94
10/26/2017 3:36:00 PM,1245982,976.81
10/26/2017 3:36:00 PM,1246649,976.76
10/26/2017 3:36:00 PM,1247397,976.76
10/26/2017 3:36:00 PM,1248000,976.74
10/26/2017 3:37:00 PM,1254684,976.475
10/26/2017 3:37:00 PM,1257587,976.4806
10/26/2017 3:37:00 PM,1260760,976.70
10/26/2017 3:37:00 PM,1261001,976.705
10/26/2017 3:37:00 PM,1262425,977.015
10/26/2017 3:38:00 PM,1264423,977.32
10/26/2017 3:38:00 PM,1265206,977.58
10/26/2017 3:38:00 PM,1265903,977.61
10/26/2017 3:39:00 PM,1267412,977.13
10/26/2017 3:39:00 PM,1268483,977.31
10/26/2017 3:39:00 PM,1270923,977.64
10/26/2017 3:39:00 PM,1271558,977.465
10/26/2017 3:40:00 PM,1273786,977.55
10/26/2017 3:40:00 PM,1275577,977.18
10/26/2017 3:40:00 PM,1276569,977.405
10/26/2017 3:40:00 PM,1279691,977.205
10/26/2017 3:41:00 PM,1282465,977.34
10/26/2017 3:41:00 PM,1283487,977.26
10/26/2017 3:41:00 PM,1288438,977.41
10/26/2017 3:42:00 PM,1288762,977.44
10/26/2017 3:42:00 PM,1290086,977.50
10/26/2017 3:42:00 PM,1290813,977.5307
10/26/2017 3:42:00 PM,1290833,977.5307
10/26/2017 3:42:00 PM,1293726,977.32
10/26/2017 3:43:00 PM,1294590,977.32
10/26/2017 3:43:00 PM,1295347,977.37
10/26/2017 3:43:00 PM,1296506,977.1861
10/26/2017 3:44:00 PM,1297654,977.19
10/26/2017 3:44:00 PM,1302185,977.36
10/26/2017 3:44:00 PM,1302708,977.25
10/26/2017 3:44:00 PM,1304753,977.30
10/26/2017 3:45:00 PM,1306377,977.39
10/26/2017 3:45:00 PM,1306599,977.40
10/26/2017 3:45:00 PM,1309214,977.80
10/26/2017 3:45:00 PM,1310344,977.80
10/26/2017 3:46:00 PM,1311976,977.61
10/26/2017 3:46:00 PM,1314989,977.63
10/26/2017 3:46:00 PM,1317467,977.775
10/26/2017 3:46:00 PM,1318083,977.875
10/26/2017 3:47:00 PM,1319554,977.82
10/26/2017 3:47:00 PM,1320605,977.83
10/26/2017 3:47:00 PM,1327013,977.76
10/26/2017 3:47:00 PM,1327166,977.76
10/26/2017 3:48:00 PM,1330563,977.62
10/26/2017 3:48:00 PM,1331749,977.82
10/26/2017 3:48:00 PM,1332577,977.85
10/26/2017 3:48:00 PM,1333278,977.80
10/26/2017 3:49:00 PM,1336373,977.33
10/26/2017 3:49:00 PM,1340516,977.61
10/26/2017 3:49:00 PM,1341338,977.6195
10/26/2017 3:49:00 PM,1342681,977.5816
10/26/2017 3:50:00 PM,1349792,976.56
10/26/2017 3:50:00 PM,1352694,976.50
10/26/2017 3:50:00 PM,1355368,975.75
10/26/2017 3:50:00 PM,1359849,976.35
10/26/2017 3:51:00 PM,1365863,975.98
10/26/2017 3:51:00 PM,1367040,975.57
10/26/2017 3:51:00 PM,1367670,975.84
10/26/2017 3:51:00 PM,1372205,976.16
10/26/2017 3:52:00 PM,1374168,976.245
10/26/2017 3:52:00 PM,1376995,976.55
10/26/2017 3:52:00 PM,1379551,976.66
10/26/2017 3:52:00 PM,1383047,976.505
10/26/2017 3:53:00 PM,1387156,976.69
10/26/2017 3:53:00 PM,1389821,976.955
10/26/2017 3:53:00 PM,1391160,976.94
10/26/2017 3:53:00 PM,1393027,976.9335
10/26/2017 3:54:00 PM,1397736,976.66
10/26/2017 3:54:00 PM,1403245,976.60
10/26/2017 3:54:00 PM,1405532,976.49
10/26/2017 3:54:00 PM,1412889,975.85
10/26/2017 3:55:00 PM,1424612,975.51
10/26/2017 3:55:00 PM,1431469,975.82
10/26/2017 3:55:00 PM,1433902,975.825
10/26/2017 3:55:00 PM,1437176,975.74
10/26/2017 3:56:00 PM,1440835,975.4572
10/26/2017 3:56:00 PM,1447351,975.51
10/26/2017 3:56:00 PM,1450674,975.52
10/26/2017 3:57:00 PM,1456818,975.00
10/26/2017 3:57:00 PM,1458977,974.59
10/26/2017 3:57:00 PM,1462136,974.66
10/26/2017 3:57:00 PM,1466708,974.37
10/26/2017 3:58:00 PM,1471205,974.53
10/26/2017 3:58:00 PM,1478375,974.36
10/26/2017 3:58:00 PM,1485578,974.675
10/26/2017 3:58:00 PM,1489070,974.73
10/26/2017 3:59:00 PM,1494667,974.36
10/26/2017 3:59:00 PM,1501654,973.29
10/26/2017 3:59:00 PM,1507167,973.60
10/26/2017 3:59:00 PM,1516122,972.855
10/26/2017 3:59:00 PM,1524552,972.35
10/26/2017 4:00:00 PM,1660388,972.56
10/26/2017 4:00:00 PM,1660389,972.56
10/26/2017 4:00:00 PM,1660720,972.56
10/26/2017 4:00:00 PM,1660876,972.56
10/26/2017 4:00:00 PM,1665133,972.56
10/26/2017 4:00:00 PM,1665928,972.56
10/26/2017 4:00:00 PM,1666301,972.56
10/26/2017 4:00:00 PM,1666427,972.56
10/26/2017 4:00:00 PM,1666527,972.56
10/26/2017 4:00:00 PM,1668482,972.56
10/26/2017 4:00:00 PM,1669485,972.56
10/26/2017 4:00:00 PM,1671633,972.56
10/26/2017 4:00:00 PM,1678981,972.56
10/26/2017 4:00:00 PM,1685012,972.56
10/26/2017 4:00:00 PM,1686362,972.56
10/26/2017 4:00:00 PM,1689607,972.56
10/26/2017 4:00:00 PM,1693353,972.56
10/26/2017 4:00:00 PM,1693451,972.56
10/26/2017 4:00:00 PM,1698423,972.56
10/26/2017 4:00:00 PM,1699573,972.56
10/26/2017 4:00:00 PM,1709061,972.56
10/26/2017 4:00:00 PM,1710549,972.56
10/26/2017 4:00:00 PM,1719777,972.56
10/26/2017 4:00:00 PM,1721096,972.56
10/26/2017 4:00:00 PM,1727879,972.56
10/26/2017 4:00:00 PM,1730489,972.56
10/26/2017 4:00:00 PM,1739058,972.56
10/26/2017 4:00:00 PM,1741314,972.56
10/26/2017 4:00:00 PM,1746587,972.56
10/26/2017 4:00:00 PM,1748828,972.56
10/26/2017 4:00:00 PM,1760542,972.56
10/26/2017 4:00:00 PM,1763991,972.56
10/26/2017 4:00:00 PM,1766209,972.56
10/26/2017 4:00:00 PM,1769342,972.56
10/26/2017 4:00:00 PM,1782125,972.56
10/26/2017 4:00:00 PM,1782767,972.56
10/26/2017 4:00:00 PM,1783143,972.56
10/26/2017 4:00:00 PM,1783267,972.56
10/26/2017 4:00:00 PM,1784842,972.56
10/26/2017 4:00:00 PM,1786439,972.56
10/26/2017 4:00:00 PM,1786927,972.56
10/26/2017 4:00:00 PM,1787067,972.56
10/26/2017 4:00:00 PM,1788175,972.56
10/26/2017 4:00:00 PM,1788687,972.56
10/26/2017 4:00:00 PM,1790890,972.56
10/26/2017 4:00:00 PM,1791119,972.56
10/26/2017 4:00:00 PM,1797499,972.56
10/26/2017 4:00:00 PM,1800080,972.56
10/26/2017 4:00:00 PM,1801093,972.56
10/26/2017 4:00:00 PM,1810525,972.56
10/26/2017 4:00:00 PM,1811304,972.56
10/26/2017 4:00:00 PM,1816180,972.56
10/26/2017 4:00:00 PM,1822385,972.56
10/26/2017 4:00:00 PM,1824056,972.56
10/26/2017 4:00:00 PM,1826393,972.56
10/26/2017 4:00:00 PM,1829433,972.56
10/26/2017 4:00:00 PM,1832279,972.56
10/26/2017 4:00:00 PM,1834931,972.56
10/26/2017 4:00:00 PM,1846001,972.56
10/26/2017 4:00:00 PM,1849741,972.56
10/26/2017 4:00:00 PM,1851870,972.56
10/26/2017 4:00:00 PM,1852400,972.56
10/26/2017 4:00:00 PM,1853796,972.56
10/26/2017 4:00:00 PM,1855139,972.56
10/26/2017 4:00:00 PM,1856670,972.56
10/26/2017 4:00:00 PM,1857972,972.56
10/26/2017 4:00:00 PM,1860349,972.56
10/26/2017 4:00:00 PM,1860837,972.56
10/26/2017 4:00:00 PM,1861039,972.56
10/26/2017 4:00:00 PM,1863184,972.56
10/26/2017 4:00:00 PM,1866731,972.56
10/26/2017 4:00:00 PM,1867322,972.56
10/26/2017 4:00:00 PM,1867653,972.56
10/26/2017 4:00:00 PM,1867784,972.56
10/26/2017 4:00:00 PM,1869126,972.56
10/26/2017 4:00:00 PM,1871046,972.56
10/26/2017 4:00:00 PM,1872256,972.56
10/26/2017 4:00:00 PM,1872672,972.56
10/26/2017 4:00:00 PM,1873123,972.56
10/26/2017 4:00:00 PM,1874817,972.56
10/26/2017 4:00:00 PM,1881813,972.56
10/26/2017 4:00:00 PM,1883407,972.56
10/26/2017 4:00:00 PM,1887239,972.56
10/26/2017 4:00:00 PM,1889628,972.56
10/26/2017 4:00:00 PM,1890779,972.56
10/26/2017 4:00:00 PM,1899594,972.56
10/26/2017 4:00:00 PM,1910895,972.56
10/26/2017 4:00:00 PM,1912646,972.56
10/26/2017 4:00:00 PM,1914040,972.56
10/26/2017 4:00:00 PM,1914793,972.56
10/26/2017 4:00:00 PM,1915629,972.56
10/26/2017 4:00:00 PM,1916028,972.56
10/26/2017 4:00:00 PM,1916054,972.56
10/26/2017 4:00:00 PM,1916155,972.56
10/26/2017 4:00:00 PM,1916183,972.56
10/26/2017 4:00:00 PM,1917281,972.56
10/26/2017 4:00:00 PM,1917973,972.56
10/26/2017 4:00:00 PM,1918342,972.56
10/26/2017 4:00:00 PM,1918633,972.56
10/26/2017 4:00:00 PM,1918690,972.56
10/26/2017 4:00:00 PM,1919032,972.56
10/26/2017 4:00:00 PM,1919398,972.56
10/26/2017 4:00:00 PM,1919537,972.56
10/26/2017 4:00:00 PM,1920491,972.56
10/26/2017 4:00:00 PM,1921723,972.56
10/26/2017 4:00:00 PM,1923040,972.56
10/26/2017 4:00:00 PM,1924129,972.56
10/26/2017 4:00:00 PM,1924252,972.56
10/26/2017 4:00:00 PM,1924304,972.56
10/26/2017 4:00:00 PM,1925167,972.56
10/26/2017 4:00:00 PM,1925294,972.56
10/26/2017 4:00:00 PM,1927038,972.56
10/26/2017 4:00:00 PM,1927560,972.56
10/26/2017 4:00:00 PM,1927687,972.56
10/26/2017 4:00:00 PM,1928010,972.56
10/26/2017 4:00:00 PM,1928364,972.56
10/26/2017 4:00:00 PM,1928618,972.56
10/26/2017 4:00:00 PM,1929925,972.56
10/26/2017 4:00:00 PM,1929941,972.56
10/26/2017 4:00:00 PM,1932902,972.56
10/26/2017 4:00:00 PM,1933208,972.56
10/26/2017 4:00:00 PM,1933649,972.56
10/26/2017 4:00:00 PM,1933934,972.56
10/26/2017 4:00:00 PM,1934004,972.56
10/26/2017 4:00:00 PM,1934644,972.56
10/26/2017 4:00:00 PM,1934935,972.56
10/26/2017 4:00:00 PM,1936230,972.56
10/26/2017 4:00:00 PM,1938015,972.56
10/26/2017 4:00:00 PM,1939655,972.56
10/26/2017 4:00:00 PM,1940240,972.56
10/26/2017 4:00:00 PM,1940469,972.56
10/26/2017 4:00:00 PM,1940605,972.56
10/26/2017 4:00:00 PM,1940818,972.56
10/26/2017 4:00:00 PM,1946789,972.56
10/26/2017 4:00:00 PM,1951468,972.56
10/26/2017 4:00:00 PM,1951609,972.56
10/26/2017 4:00:00 PM,1951659,972.56
10/26/2017 4:00:00 PM,1953867,972.56
10/26/2017 4:00:00 PM,1954514,972.56
10/26/2017 4:00:00 PM,1956664,972.56
10/26/2017 4:00:00 PM,1956967,972.56
10/26/2017 4:00:00 PM,1960341,972.56
10/26/2017 4:00:00 PM,1960542,972.56
10/26/2017 4:00:00 PM,1962277,972.56
10/26/2017 4:00:00 PM,1963797,972.56
10/26/2017 4:00:00 PM,1963851,972.56
10/26/2017 4:00:00 PM,1963892,972.56
10/26/2017 4:00:00 PM,1964333,972.56
10/26/2017 4:00:00 PM,1964340,972.56
10/26/2017 4:00:00 PM,1964797,972.56
10/26/2017 4:00:00 PM,1964923,972.56
10/26/2017 4:00:00 PM,1965363,972.56
10/26/2017 4:00:00 PM,1965404,972.56
10/26/2017 4:00:00 PM,1966782,972.56
10/26/2017 4:00:00 PM,1967873,972.56
10/26/2017 4:00:00 PM,1967874,972.56
10/26/2017 4:00:00 PM,1969073,972.56
10/26/2017 4:00:00 PM,1969244,972.56
10/26/2017 4:00:00 PM,1969526,972.56
10/26/2017 4:00:00 PM,1969659,972.56
10/26/2017 4:00:00 PM,1971397,972.56
10/26/2017 4:00:00 PM,1971506,972.56
10/26/2017 4:00:00 PM,1971682,972.56
10/26/2017 4:00:00 PM,1971692,972.56
10/26/2017 4:00:00 PM,1971893,972.56
10/26/2017 4:00:00 PM,1972485,972.56
10/26/2017 4:00:00 PM,1972531,972.56
10/26/2017 4:00:00 PM,1972558,972.56
10/26/2017 4:00:00 PM,1974488,972.56
10/26/2017 4:00:00 PM,1976164,972.56
10/26/2017 4:00:00 PM,1977052,972.56
10/26/2017 4:00:00 PM,1977581,972.56
